9,5
10,238
10,214
10,268
10,102
10,32
10,230
11,18
11,24
11,27
9,7
9,4
9,1
9,6
9,2
9,3
8,13
8,14
8,7
47,4
47,3
47,2
47,1
47,0
46,4
46,3
46,2
46,1
46,0
45,4
45,3
45,2
45,1
45,0
43,5
43,4
43,3
43,2
43,1
43,0
40,5
40,4
40,3
40,2
40,1
40,0
38,5
38,4
38,3
38,2
38,1
34,4
34,3
34,1
26,3
26,1
20,3
20,2
20,1
19,2
19,3
19,1
12,3
12,2
12,1
11,28
11,26
11,23
11,22
11,20
11,17
11,16
11,15
11,14
11,13
11,12
11,11
11,10
11,7
11,4
11,3
11,2
11,1
10,299
10,289
10,269
10,261
10,257
10,249
10,231
18,1
10,215
18,3
10,197
10,195
10,175
14,1
14,3
13,1
10,147
13,3
10,123
10,121
10,111
10,103
